%YAML:1.0
---
image_width: 640
image_height: 512
camera_name: /stereo_thermal_14bit/left
camera_matrix: !!opencv-matrix
   rows: 3
   cols: 3
   dt: d
   data: [ 4.2943288714549999e+02, 0., 3.1111923634459998e+02, 0.,
       4.2953142750190000e+02, 2.6612817575460002e+02, 0., 0., 1. ]
distortion_model: plumb_bob
distortion_coefficients: !!opencv-matrix
   rows: 1
   cols: 5
   dt: d
   data: [ -3.5808823350000002e-01, 9.9431845300000002e-02, 0., 0., 0. ]
rectification_matrix: !!opencv-matrix
   rows: 3
   cols: 3
   dt: d
   data: [ 9.9997821966532652e-01, -5.3320014475053482e-03,
       3.8897243511229682e-03, 5.2797309798242676e-03,
       9.9989725498223603e-01, 1.3326812063277928e-02,
       -3.9603832825374392e-03, -1.3305985102691455e-02,
       9.9990362841861036e-01 ]
projection_matrix: !!opencv-matrix
   rows: 3
   cols: 4
   dt: d
   data: [ 2.5233871067517285e+02, 0., 3.0724241065979004e+02, 0., 0.,
       2.5233871067517285e+02, 2.5017333030700684e+02, 0., 0., 0., 1.,
       0. ]
